 1  0.002 
 2  0.002 
 3  0.002 
 4  0.002 
 5  0.002 
 6  0.002 
 7  0.002 
 8  0.002 
 9  0.002 
10  0.002 
11  0.002 
12  0.002 
13  0.002 
14  0.002 
15  0.002 
16  0.002 
17  0.002 
18  0.002 
19  0.002 
20  0.002 
21  0.002 
22  0.002 
23  0.002 
24  0.002 
25  0.002 
26  0.002 
27  0.002 
28  0.002 
29  0.002 
30  0.002 
31  0.002 
32  0.001 
33  0.001 
34  0.001 
35  0.001 
36  0.001 
37  0.001 
38  0.001 
39  0.001 
40  0.001 
41  0.001 
42  0.001 
43  0.001 
44  0.001 
45  0.001 
46  0.001 
47  0.001 
48  0.001 
49  0.001 
50  0.001 
51  0.001 
52  0.001 
53  0.001 
54  0.001 
55  0.001 
56  0.001 
57  0.001 
58  0.001 
59  0.001 
60  0.001 
61  0.001 
62  0.001 
63  0.001 
64  0.001 
65  0.001 
66  0.001 
67  0.000 
68  0.000 
69  0.000 
70  0.000 
71  0.000 
72  0.000 
73  0.000 
74 -0.000 
75 -0.000 
76 -0.000 
77 -0.000 
78 -0.000 
79 -0.000 
80 -0.001 
81 -0.001 
82 -0.001 
83 -0.001 
84 -0.001 
85 -0.001 
86 -0.001 
87 -0.001 
88 -0.001 
89 -0.001 
90 -0.001 
91 -0.001 
92 -0.001 
93 -0.001 
94 -0.001 
95 -0.002 
96 -0.002 
97 -0.002 
98 -0.002 
99 -0.002 
100 -0.002 
101 -0.002 
102 -0.002 
103 -0.002 
104 -0.002 
105 -0.002 
106 -0.002 
107 -0.002 
108 -0.002 
109 -0.002 
110 -0.002 
111 -0.002 
112 -0.002 
113 -0.002 
114 -0.002 
115 -0.002 
116 -0.002 
117 -0.002 
118 -0.002 
119 -0.002 
120 -0.002 
121 -0.002 
122 -0.002 
123 -0.001 
124 -0.001 
125 -0.001 
126 -0.001 
127 -0.001 
128 -0.001 
129 -0.001 
130 -0.001 
131 -0.001 
132 -0.001 
133 -0.001 
134 -0.001 
135 -0.001 
136 -0.001 
137 -0.001 
138 -0.001 
139 -0.000 
140 -0.000 
141 -0.000 
142 -0.000 
143 -0.000 
144 -0.000 
145  0.000 
146  0.000 
147  0.000 
148  0.000 
149  0.000 
150  0.000 
151  0.000 
152  0.000 
153  0.001 
154  0.001 
155  0.001 
156  0.001 
157  0.001 
158  0.001 
159  0.001 
160  0.001 
161  0.001 
162  0.001 
163  0.001 
164  0.001 
165  0.001 
166  0.001 
167  0.001 
168  0.001 
169  0.001 
170  0.001 
171  0.001 
172  0.001 
173  0.001 
174  0.001 
175  0.001 
176  0.001 
177  0.001 
178  0.001 
179  0.001 
180  0.001 
181  0.001 
182  0.001 
183  0.001 
184  0.001 
185  0.001 
186  0.001 
187  0.001 
188  0.001 
189  0.001 
190  0.001 
191  0.001 
192  0.001 
193  0.001 
194  0.001 
195  0.001 
196  0.001 
197  0.001 
198  0.001 
199  0.001 
200  0.001 
