  0  0.00000 
  1  1.54616 
  2  1.54599 
  3  1.54582 
  4  1.54565 
  5  1.54548 
  6  1.53945 
  7  1.53326 
  8  1.52692 
  9  1.52043 
 10  1.51380 
 11  1.50700 
 12  1.50007 
 13  1.49298 
 14  1.48575 
 15  1.47836 
 16  1.47084 
 17  1.46317 
 18  1.45536 
 19  1.44741 
 20  1.43931 
 21  1.43108 
 22  1.42271 
 23  1.41420 
 24  1.40555 
 25  1.39677 
 26  1.38786 
 27  1.37881 
 28  1.36963 
 29  1.36032 
 30  1.35089 
 31  1.34132 
 32  1.33163 
 33  1.32182 
 34  1.31188 
 35  1.30182 
 36  1.29164 
 37  1.28134 
 38  1.27093 
 39  1.26040 
 40  1.24975 
 41  1.23900 
 42  1.22813 
 43  1.21716 
 44  1.20607 
 45  1.19489 
 46  1.18360 
 47  1.17221 
 48  1.16072 
 49  1.14913 
 50  1.13745 
 51  1.12568 
 52  1.11381 
 53  1.10186 
 54  1.08982 
 55  1.07769 
 56  1.06548 
 57  1.05320 
 58  1.04084 
 59  1.02841 
 60  1.01590 
 61  1.00333 
 62  0.99069 
 63  0.97798 
 64  0.96522 
 65  0.95240 
 66  0.93953 
 67  0.92661 
 68  0.91365 
 69  0.90064 
 70  0.88759 
 71  0.87451 
 72  0.86139 
 73  0.84826 
 74  0.83510 
 75  0.82192 
 76  0.80873 
 77  0.79554 
 78  0.78234 
 79  0.76915 
 80  0.75596 
 81  0.74280 
 82  0.72966 
 83  0.71654 
 84  0.70347 
 85  0.69044 
 86  0.67747 
 87  0.66455 
 88  0.65171 
 89  0.63896 
 90  0.62629 
 91  0.61373 
 92  0.60129 
 93  0.58897 
 94  0.57679 
 95  0.56478 
 96  0.55293 
 97  0.54128 
 98  0.52983 
 99  0.51860 
 100  0.50762 
 101  0.49684 
 102  0.48626 
 103  0.47586 
 104  0.46566 
 105  0.45564 
 106  0.44579 
 107  0.43613 
 108  0.42664 
 109  0.41732 
 110  0.40816 
 111  0.39917 
 112  0.39034 
 113  0.38168 
 114  0.37316 
 115  0.36480 
 116  0.35660 
 117  0.34854 
 118  0.34063 
 119  0.33286 
 120  0.32524 
 121  0.31776 
 122  0.31042 
 123  0.30322 
 124  0.29616 
 125  0.28923 
 126  0.28244 
 127  0.27578 
 128  0.26925 
 129  0.26286 
 130  0.25660 
 131  0.25047 
 132  0.24447 
 133  0.23860 
 134  0.23286 
 135  0.22725 
 136  0.22177 
 137  0.21643 
 138  0.21121 
 139  0.20612 
 140  0.20116 
 141  0.19633 
 142  0.19163 
 143  0.18707 
 144  0.18263 
 145  0.17833 
 146  0.17417 
 147  0.17013 
 148  0.16623 
 149  0.16247 
 150  0.15884 
 151  0.15535 
 152  0.15200 
 153  0.14878 
 154  0.14570 
 155  0.14276 
 156  0.13996 
 157  0.13730 
 158  0.13477 
 159  0.13237 
 160  0.13012 
 161  0.12799 
 162  0.12600 
 163  0.12414 
 164  0.12241 
 165  0.12081 
 166  0.11933 
 167  0.11796 
 168  0.11672 
 169  0.11559 
 170  0.11456 
 171  0.11364 
 172  0.11282 
 173  0.11209 
 174  0.11145 
 175  0.11090 
 176  0.11043 
 177  0.11003 
 178  0.10970 
 179  0.10943 
 180  0.10921 
 181  0.10906 
 182  0.10894 
 183  0.10887 
 184  0.10884 
 185  0.10884 
 186  0.10886 
 187  0.10891 
 188  0.10897 
 189  0.10906 
 190  0.10915 
 191  0.10924 
 192  0.10935 
 193  0.10945 
 194  0.10954 
 195  0.10964 
 196  0.10972 
 197  0.10979 
 198  0.10985 
 199  0.10992 
