  0  0.00000 
  1  1.25055 
  2  1.25041 
  3  1.25027 
  4  1.25016 
  5  1.25006 
  6  1.23055 
  7  1.20957 
  8  1.18719 
  9  1.16352 
 10  1.13862 
 11  1.11260 
 12  1.08558 
 13  1.05767 
 14  1.02901 
 15  0.99974 
 16  0.97003 
 17  0.94005 
 18  0.91000 
 19  0.88011 
 20  0.85060 
 21  0.82174 
 22  0.79382 
 23  0.76715 
 24  0.74206 
 25  0.71891 
 26  0.69805 
 27  0.67987 
 28  0.66471 
 29  0.65289 
 30  0.64470 
 31  0.64032 
 32  0.63988 
 33  0.64338 
 34  0.65074 
 35  0.66179 
 36  0.67627 
 37  0.69387 
 38  0.71424 
 39  0.73703 
 40  0.76186 
 41  0.78837 
 42  0.81624 
 43  0.84514 
 44  0.87478 
 45  0.90488 
 46  0.93522 
 47  0.96555 
 48  0.99569 
 49  1.02544 
 50  1.05465 
 51  1.08315 
 52  1.11082 
 53  1.13752 
 54  1.16314 
 55  1.18759 
 56  1.21076 
 57  1.23257 
 58  1.25294 
 59  1.27180 
 60  1.28909 
 61  1.30475 
 62  1.31873 
 63  1.33099 
 64  1.34150 
 65  1.35021 
 66  1.35711 
 67  1.36216 
 68  1.36537 
 69  1.36671 
 70  1.36619 
 71  1.36381 
 72  1.35956 
 73  1.35347 
 74  1.34555 
 75  1.33583 
 76  1.32433 
 77  1.31109 
 78  1.29615 
 79  1.27956 
 80  1.26136 
 81  1.24163 
 82  1.22042 
 83  1.19780 
 84  1.17387 
 85  1.14871 
 86  1.12242 
 87  1.09510 
 88  1.06689 
 89  1.03790 
 90  1.00829 
 91  0.97822 
 92  0.94785 
 93  0.91739 
 94  0.88704 
 95  0.85704 
 96  0.82766 
 97  0.79917 
 98  0.77188 
 99  0.74612 
 100  0.72225 
 101  0.69913 
 102  0.67674 
 103  0.65506 
 104  0.63406 
 105  0.61373 
 106  0.59404 
 107  0.57497 
 108  0.55651 
 109  0.53862 
 110  0.52131 
 111  0.50454 
 112  0.48830 
 113  0.47258 
 114  0.45735 
 115  0.44261 
 116  0.42833 
 117  0.41451 
 118  0.40112 
 119  0.38816 
 120  0.37562 
 121  0.36347 
 122  0.35172 
 123  0.34034 
 124  0.32934 
 125  0.31869 
 126  0.30839 
 127  0.29843 
 128  0.28881 
 129  0.27950 
 130  0.27052 
 131  0.26184 
 132  0.25346 
 133  0.24537 
 134  0.23757 
 135  0.23004 
 136  0.22279 
 137  0.21580 
 138  0.20906 
 139  0.20257 
 140  0.19631 
 141  0.19029 
 142  0.18448 
 143  0.17888 
 144  0.17349 
 145  0.16828 
 146  0.16326 
 147  0.15841 
 148  0.15371 
 149  0.14916 
 150  0.14475 
 151  0.14047 
 152  0.13630 
 153  0.13223 
 154  0.12826 
 155  0.12438 
 156  0.12057 
 157  0.11683 
 158  0.11315 
 159  0.10952 
 160  0.10594 
 161  0.10240 
 162  0.09890 
 163  0.09543 
 164  0.09200 
 165  0.08861 
 166  0.08524 
 167  0.08192 
 168  0.07863 
 169  0.07539 
 170  0.07221 
 171  0.06908 
 172  0.06602 
 173  0.06305 
 174  0.06017 
 175  0.05739 
 176  0.05474 
 177  0.05222 
 178  0.04987 
 179  0.04768 
 180  0.04569 
 181  0.04390 
 182  0.04233 
 183  0.04100 
 184  0.03989 
 185  0.03903 
 186  0.03839 
 187  0.03797 
 188  0.03774 
 189  0.03769 
 190  0.03778 
 191  0.03798 
 192  0.03828 
 193  0.03863 
 194  0.03900 
 195  0.03938 
 196  0.03973 
 197  0.04004 
 198  0.04029 
 199  0.04054 
