  0  0.00000 
  1  1.00100 
  2  1.00067 
  3  1.00031 
  4  0.99994 
  5  0.99954 
  6  0.95132 
  7  0.90418 
  8  0.86053 
  9  0.82299 
 10  0.79418 
 11  0.77639 
 12  0.77119 
 13  0.77905 
 14  0.79928 
 15  0.83013 
 16  0.86921 
 17  0.91387 
 18  0.96154 
 19  1.00985 
 20  1.05674 
 21  1.10047 
 22  1.13959 
 23  1.17293 
 24  1.19954 
 25  1.21875 
 26  1.23005 
 27  1.23319 
 28  1.22806 
 29  1.21479 
 30  1.19370 
 31  1.16530 
 32  1.13033 
 33  1.08977 
 34  1.04484 
 35  0.99704 
 36  0.94819 
 37  0.90042 
 38  0.85616 
 39  0.81805 
 40  0.78875 
 41  0.77059 
 42  0.76519 
 43  0.77303 
 44  0.79338 
 45  0.82448 
 46  0.86389 
 47  0.90894 
 48  0.95700 
 49  1.00570 
 50  1.05296 
 51  1.09705 
 52  1.13650 
 53  1.17014 
 54  1.19706 
 55  1.21655 
 56  1.22814 
 57  1.23154 
 58  1.22670 
 59  1.21371 
 60  1.19292 
 61  1.16484 
 62  1.13021 
 63  1.09003 
 64  1.04551 
 65  0.99816 
 66  0.94981 
 67  0.90258 
 68  0.85889 
 69  0.82136 
 70  0.79263 
 71  0.77499 
 72  0.76999 
 73  0.77809 
 74  0.79856 
 75  0.82963 
 76  0.86891 
 77  0.91373 
 78  0.96151 
 79  1.00989 
 80  1.05681 
 81  1.10054 
 82  1.13963 
 83  1.17291 
 84  1.19946 
 85  1.21858 
 86  1.22980 
 87  1.23283 
 88  1.22761 
 89  1.21425 
 90  1.19308 
 91  1.16462 
 92  1.12961 
 93  1.08903 
 94  1.04412 
 95  0.99637 
 96  0.94763 
 97  0.90000 
 98  0.85595 
 99  0.81809 
 100  0.78910 
 101  0.76113 
 102  0.73418 
 103  0.70821 
 104  0.68318 
 105  0.65908 
 106  0.63587 
 107  0.61352 
 108  0.59202 
 109  0.57133 
 110  0.55141 
 111  0.53224 
 112  0.51377 
 113  0.49599 
 114  0.47884 
 115  0.46230 
 116  0.44633 
 117  0.43090 
 118  0.41597 
 119  0.40152 
 120  0.38752 
 121  0.37396 
 122  0.36082 
 123  0.34809 
 124  0.33577 
 125  0.32384 
 126  0.31231 
 127  0.30119 
 128  0.29046 
 129  0.28013 
 130  0.27019 
 131  0.26063 
 132  0.25145 
 133  0.24262 
 134  0.23413 
 135  0.22596 
 136  0.21809 
 137  0.21048 
 138  0.20311 
 139  0.19598 
 140  0.18905 
 141  0.18232 
 142  0.17578 
 143  0.16943 
 144  0.16328 
 145  0.15733 
 146  0.15160 
 147  0.14610 
 148  0.14085 
 149  0.13584 
 150  0.13108 
 151  0.12657 
 152  0.12230 
 153  0.11824 
 154  0.11437 
 155  0.11066 
 156  0.10707 
 157  0.10355 
 158  0.10009 
 159  0.09665 
 160  0.09320 
 161  0.08974 
 162  0.08628 
 163  0.08282 
 164  0.07939 
 165  0.07602 
 166  0.07277 
 167  0.06968 
 168  0.06680 
 169  0.06417 
 170  0.06183 
 171  0.05979 
 172  0.05805 
 173  0.05658 
 174  0.05533 
 175  0.05424 
 176  0.05324 
 177  0.05225 
 178  0.05119 
 179  0.05002 
 180  0.04867 
 181  0.04713 
 182  0.04538 
 183  0.04342 
 184  0.04130 
 185  0.03905 
 186  0.03675 
 187  0.03448 
 188  0.03234 
 189  0.03044 
 190  0.02886 
 191  0.02769 
 192  0.02695 
 193  0.02662 
 194  0.02662 
 195  0.02683 
 196  0.02711 
 197  0.02735 
 198  0.02743 
 199  0.02716 
