  0  0.00000 
  1  1.00020 
  2  1.00036 
  3  1.00062 
  4  1.00105 
  5  1.00172 
  6  1.00282 
  7  1.00451 
  8  1.00703 
  9  1.01072 
 10  1.01594 
 11  1.02315 
 12  1.03282 
 13  1.04541 
 14  1.06131 
 15  1.08077 
 16  1.10381 
 17  1.13020 
 18  1.15938 
 19  1.19052 
 20  1.22254 
 21  1.25423 
 22  1.28440 
 23  1.31201 
 24  1.33630 
 25  1.35686 
 26  1.37364 
 27  1.38690 
 28  1.39710 
 29  1.40484 
 30  1.41066 
 31  1.41506 
 32  1.41838 
 33  1.42085 
 34  1.42260 
 35  1.42368 
 36  1.42412 
 37  1.42391 
 38  1.42307 
 39  1.42158 
 40  1.41945 
 41  1.41669 
 42  1.41329 
 43  1.40925 
 44  1.40458 
 45  1.39928 
 46  1.39335 
 47  1.38680 
 48  1.37963 
 49  1.37184 
 50  1.36345 
 51  1.35445 
 52  1.34485 
 53  1.33466 
 54  1.32388 
 55  1.31253 
 56  1.30060 
 57  1.28812 
 58  1.27507 
 59  1.26148 
 60  1.24735 
 61  1.23270 
 62  1.21753 
 63  1.20184 
 64  1.18567 
 65  1.16901 
 66  1.15187 
 67  1.13428 
 68  1.11623 
 69  1.09776 
 70  1.07886 
 71  1.05957 
 72  1.03988 
 73  1.01982 
 74  0.99941 
 75  0.97867 
 76  0.95761 
 77  0.93625 
 78  0.91462 
 79  0.89275 
 80  0.87065 
 81  0.84836 
 82  0.82589 
 83  0.80330 
 84  0.78060 
 85  0.75784 
 86  0.73506 
 87  0.71230 
 88  0.68960 
 89  0.66704 
 90  0.64466 
 91  0.62252 
 92  0.60072 
 93  0.57932 
 94  0.55843 
 95  0.53814 
 96  0.51856 
 97  0.49983 
 98  0.48209 
 99  0.46549 
 100  0.45018 
 101  0.43564 
 102  0.42183 
 103  0.40872 
 104  0.39630 
 105  0.38452 
 106  0.37336 
 107  0.36278 
 108  0.35274 
 109  0.34322 
 110  0.33417 
 111  0.32555 
 112  0.31734 
 113  0.30949 
 114  0.30197 
 115  0.29475 
 116  0.28778 
 117  0.28105 
 118  0.27452 
 119  0.26816 
 120  0.26194 
 121  0.25584 
 122  0.24984 
 123  0.24391 
 124  0.23805 
 125  0.23223 
 126  0.22640 
 127  0.22061 
 128  0.21490 
 129  0.20915 
 130  0.20316 
 131  0.19714 
 132  0.19171 
 133  0.18701 
 134  0.18177 
 135  0.17345 
 136  0.15959 
 137  0.13942 
 138  0.11447 
 139  0.08785 
 140  0.06291 
 141  0.04205 
 142  0.02628 
 143  0.01539 
 144  0.00847 
 145  0.00439 
 146  0.00215 
 147  0.00100 
 148  0.00044 
 149  0.00018 
 150  0.00007 
 151  0.00003 
 152  0.00001 
 153  0.00000 
 154  0.00000 
 155  0.00000 
 156  0.00000 
 157  0.00000 
 158  0.00000 
 159  0.00000 
 160  0.00000 
 161  0.00000 
 162  0.00000 
 163  0.00000 
 164  0.00000 
 165  0.00000 
 166  0.00000 
 167  0.00000 
 168  0.00000 
 169  0.00000 
 170  0.00000 
 171  0.00000 
 172  0.00000 
 173  0.00000 
 174  0.00000 
 175  0.00000 
 176  0.00000 
 177  0.00000 
 178  0.00000 
 179  0.00000 
 180  0.00000 
 181  0.00000 
 182  0.00000 
 183  0.00000 
 184  0.00000 
 185  0.00000 
 186  0.00000 
 187  0.00000 
 188  0.00000 
 189  0.00000 
 190  0.00000 
 191  0.00000 
 192  0.00000 
 193  0.00000 
 194  0.00000 
 195  0.00000 
 196  0.00000 
 197  0.00000 
 198  0.00000 
 199  0.00000 
