  0  0.00000 
  1  0.99983 
  2  0.99972 
  3  0.99955 
  4  0.99928 
  5  0.99889 
  6  0.99810 
  7  0.99682 
  8  0.99484 
  9  0.99185 
 10  0.98746 
 11  0.98121 
 12  0.97261 
 13  0.96112 
 14  0.94627 
 15  0.92770 
 16  0.90523 
 17  0.87896 
 18  0.84930 
 19  0.81703 
 20  0.78322 
 21  0.74926 
 22  0.71669 
 23  0.68711 
 24  0.66200 
 25  0.64259 
 26  0.62969 
 27  0.62363 
 28  0.62427 
 29  0.63109 
 30  0.64339 
 31  0.66039 
 32  0.68135 
 33  0.70564 
 34  0.73270 
 35  0.76207 
 36  0.79333 
 37  0.82609 
 38  0.86002 
 39  0.89478 
 40  0.93009 
 41  0.96568 
 42  1.00132 
 43  1.03679 
 44  1.07189 
 45  1.10645 
 46  1.14029 
 47  1.17328 
 48  1.20527 
 49  1.23613 
 50  1.26576 
 51  1.29404 
 52  1.32089 
 53  1.34620 
 54  1.36990 
 55  1.39191 
 56  1.41216 
 57  1.43060 
 58  1.44716 
 59  1.46180 
 60  1.47447 
 61  1.48514 
 62  1.49377 
 63  1.50033 
 64  1.50481 
 65  1.50718 
 66  1.50744 
 67  1.50558 
 68  1.50161 
 69  1.49551 
 70  1.48732 
 71  1.47704 
 72  1.46469 
 73  1.45031 
 74  1.43391 
 75  1.41556 
 76  1.39527 
 77  1.37312 
 78  1.34915 
 79  1.32342 
 80  1.29601 
 81  1.26700 
 82  1.23646 
 83  1.20450 
 84  1.17121 
 85  1.13671 
 86  1.10112 
 87  1.06458 
 88  1.02725 
 89  0.98929 
 90  0.95090 
 91  0.91228 
 92  0.87367 
 93  0.83535 
 94  0.79763 
 95  0.76085 
 96  0.72542 
 97  0.69178 
 98  0.66044 
 99  0.63196 
 100  0.60691 
 101  0.58262 
 102  0.55910 
 103  0.53637 
 104  0.51445 
 105  0.49336 
 106  0.47309 
 107  0.45366 
 108  0.43509 
 109  0.41737 
 110  0.40050 
 111  0.38448 
 112  0.36931 
 113  0.35496 
 114  0.34142 
 115  0.32867 
 116  0.31667 
 117  0.30540 
 118  0.29481 
 119  0.28486 
 120  0.27551 
 121  0.26670 
 122  0.25839 
 123  0.25052 
 124  0.24304 
 125  0.23591 
 126  0.22905 
 127  0.22244 
 128  0.21608 
 129  0.20984 
 130  0.20358 
 131  0.19739 
 132  0.19175 
 133  0.18681 
 134  0.18147 
 135  0.17326 
 136  0.15967 
 137  0.13977 
 138  0.11499 
 139  0.08841 
 140  0.06341 
 141  0.04244 
 142  0.02655 
 143  0.01556 
 144  0.00857 
 145  0.00444 
 146  0.00218 
 147  0.00101 
 148  0.00044 
 149  0.00019 
 150  0.00007 
 151  0.00003 
 152  0.00001 
 153  0.00000 
 154  0.00000 
 155  0.00000 
 156  0.00000 
 157  0.00000 
 158  0.00000 
 159  0.00000 
 160  0.00000 
 161  0.00000 
 162  0.00000 
 163  0.00000 
 164  0.00000 
 165  0.00000 
 166  0.00000 
 167  0.00000 
 168  0.00000 
 169  0.00000 
 170  0.00000 
 171  0.00000 
 172  0.00000 
 173  0.00000 
 174  0.00000 
 175  0.00000 
 176  0.00000 
 177  0.00000 
 178  0.00000 
 179  0.00000 
 180  0.00000 
 181  0.00000 
 182  0.00000 
 183  0.00000 
 184  0.00000 
 185  0.00000 
 186  0.00000 
 187  0.00000 
 188  0.00000 
 189  0.00000 
 190  0.00000 
 191  0.00000 
 192  0.00000 
 193  0.00000 
 194  0.00000 
 195  0.00000 
 196  0.00000 
 197  0.00000 
 198  0.00000 
 199  0.00000 
