  0  0.00000 
  1  0.99996 
  2  0.99981 
  3  0.99955 
  4  0.99907 
  5  0.99828 
  6  0.99749 
  7  0.99651 
  8  0.99543 
  9  0.99446 
 10  0.99396 
 11  0.99454 
 12  0.99706 
 13  1.00266 
 14  1.01261 
 15  1.02822 
 16  1.05049 
 17  1.07985 
 18  1.11589 
 19  1.15724 
 20  1.20167 
 21  1.24627 
 22  1.28788 
 23  1.32338 
 24  1.35005 
 25  1.36580 
 26  1.36925 
 27  1.35976 
 28  1.33733 
 29  1.30249 
 30  1.25615 
 31  1.19949 
 32  1.13391 
 33  1.06103 
 34  0.98281 
 35  0.90161 
 36  0.82049 
 37  0.74339 
 38  0.67540 
 39  0.62272 
 40  0.59180 
 41  0.58734 
 42  0.60997 
 43  0.65587 
 44  0.71877 
 45  0.79222 
 46  0.87074 
 47  0.95007 
 48  1.02697 
 49  1.09892 
 50  1.16400 
 51  1.22072 
 52  1.26790 
 53  1.30465 
 54  1.33034 
 55  1.34457 
 56  1.34715 
 57  1.33809 
 58  1.31764 
 59  1.28625 
 60  1.24461 
 61  1.19368 
 62  1.13467 
 63  1.06916 
 64  0.99914 
 65  0.92709 
 66  0.85617 
 67  0.79030 
 68  0.73419 
 69  0.69303 
 70  0.67160 
 71  0.67283 
 72  0.69662 
 73  0.73989 
 74  0.79783 
 75  0.86528 
 76  0.93760 
 77  1.01094 
 78  1.08221 
 79  1.14895 
 80  1.20921 
 81  1.26143 
 82  1.30440 
 83  1.33716 
 84  1.35905 
 85  1.36961 
 86  1.36859 
 87  1.35597 
 88  1.33196 
 89  1.29695 
 90  1.25157 
 91  1.19672 
 92  1.13355 
 93  1.06355 
 94  0.98860 
 95  0.91111 
 96  0.83417 
 97  0.76175 
 98  0.69879 
 99  0.65110 
 100  0.62437 
 101  0.59944 
 102  0.57633 
 103  0.55501 
 104  0.53538 
 105  0.51730 
 106  0.50061 
 107  0.48510 
 108  0.47055 
 109  0.45675 
 110  0.44347 
 111  0.43052 
 112  0.41774 
 113  0.40500 
 114  0.39219 
 115  0.37927 
 116  0.36620 
 117  0.35301 
 118  0.33974 
 119  0.32646 
 120  0.31326 
 121  0.30023 
 122  0.28750 
 123  0.27517 
 124  0.26333 
 125  0.25207 
 126  0.24151 
 127  0.23162 
 128  0.22233 
 129  0.21377 
 130  0.20602 
 131  0.19879 
 132  0.19186 
 133  0.18545 
 134  0.17941 
 135  0.17200 
 136  0.16032 
 137  0.14240 
 138  0.11886 
 139  0.09256 
 140  0.06709 
 141  0.04529 
 142  0.02853 
 143  0.01682 
 144  0.00930 
 145  0.00484 
 146  0.00238 
 147  0.00111 
 148  0.00049 
 149  0.00020 
 150  0.00008 
 151  0.00003 
 152  0.00001 
 153  0.00000 
 154  0.00000 
 155  0.00000 
 156  0.00000 
 157  0.00000 
 158  0.00000 
 159  0.00000 
 160  0.00000 
 161  0.00000 
 162  0.00000 
 163  0.00000 
 164  0.00000 
 165  0.00000 
 166  0.00000 
 167  0.00000 
 168  0.00000 
 169  0.00000 
 170  0.00000 
 171  0.00000 
 172  0.00000 
 173  0.00000 
 174  0.00000 
 175  0.00000 
 176  0.00000 
 177  0.00000 
 178  0.00000 
 179  0.00000 
 180  0.00000 
 181  0.00000 
 182  0.00000 
 183  0.00000 
 184  0.00000 
 185  0.00000 
 186  0.00000 
 187  0.00000 
 188  0.00000 
 189  0.00000 
 190  0.00000 
 191  0.00000 
 192  0.00000 
 193  0.00000 
 194  0.00000 
 195  0.00000 
 196  0.00000 
 197  0.00000 
 198  0.00000 
 199  0.00000 
