  0 -0.001 
  1 -0.001 
  2 -0.003 
  3 -0.004 
  4 -0.007 
  5 -0.011 
  6 -0.017 
  7 -0.025 
  8 -0.037 
  9 -0.053 
 10 -0.074 
 11 -0.101 
 12 -0.133 
 13 -0.171 
 14 -0.212 
 15 -0.256 
 16 -0.299 
 17 -0.338 
 18 -0.369 
 19 -0.389 
 20 -0.395 
 21 -0.387 
 22 -0.366 
 23 -0.333 
 24 -0.293 
 25 -0.249 
 26 -0.207 
 27 -0.169 
 28 -0.138 
 29 -0.115 
 30 -0.099 
 31 -0.088 
 32 -0.082 
 33 -0.078 
 34 -0.076 
 35 -0.074 
 36 -0.073 
 37 -0.071 
 38 -0.070 
 39 -0.069 
 40 -0.067 
 41 -0.066 
 42 -0.065 
 43 -0.063 
 44 -0.062 
 45 -0.061 
 46 -0.060 
 47 -0.059 
 48 -0.057 
 49 -0.056 
 50 -0.055 
 51 -0.054 
 52 -0.053 
 53 -0.052 
 54 -0.051 
 55 -0.050 
 56 -0.049 
 57 -0.048 
 58 -0.048 
 59 -0.047 
 60 -0.046 
 61 -0.045 
 62 -0.044 
 63 -0.043 
 64 -0.043 
 65 -0.042 
 66 -0.041 
 67 -0.040 
 68 -0.040 
 69 -0.039 
 70 -0.038 
 71 -0.038 
 72 -0.037 
 73 -0.037 
 74 -0.036 
 75 -0.035 
 76 -0.035 
 77 -0.034 
 78 -0.034 
 79 -0.033 
 80 -0.032 
 81 -0.032 
 82 -0.031 
 83 -0.031 
 84 -0.030 
 85 -0.030 
 86 -0.030 
 87 -0.029 
 88 -0.029 
 89 -0.028 
 90 -0.028 
 91 -0.027 
 92 -0.027 
 93 -0.026 
 94 -0.026 
 95 -0.026 
 96 -0.025 
 97 -0.025 
 98 -0.025 
 99 -0.024 
 100 -0.024 
 101 -0.023 
 102 -0.023 
 103 -0.023 
 104 -0.022 
 105 -0.022 
 106 -0.021 
 107 -0.021 
 108 -0.020 
 109 -0.020 
 110 -0.019 
 111 -0.018 
 112 -0.018 
 113 -0.017 
 114 -0.017 
 115 -0.016 
 116 -0.015 
 117 -0.015 
 118 -0.014 
 119 -0.013 
 120 -0.012 
 121 -0.012 
 122 -0.011 
 123 -0.010 
 124 -0.010 
 125 -0.009 
 126 -0.008 
 127 -0.007 
 128 -0.007 
 129 -0.005 
 130 -0.003 
 131 -0.005 
 132 -0.009 
 133 -0.010 
 134  0.004 
 135  0.035 
 136  0.078 
 137  0.117 
 138  0.141 
 139  0.143 
 140  0.128 
 141  0.102 
 142  0.073 
 143  0.048 
 144  0.030 
 145  0.017 
 146  0.009 
 147  0.004 
 148  0.002 
 149  0.001 
 150  0.000 
 151  0.000 
 152  0.000 
 153  0.000 
 154  0.000 
 155  0.000 
 156  0.000 
 157  0.000 
 158  0.000 
 159  0.000 
 160  0.000 
 161  0.000 
 162  0.000 
 163  0.000 
 164  0.000 
 165  0.000 
 166  0.000 
 167  0.000 
 168  0.000 
 169  0.000 
 170  0.000 
 171  0.000 
 172  0.000 
 173  0.000 
 174  0.000 
 175  0.000 
 176  0.000 
 177  0.000 
 178  0.000 
 179  0.000 
 180  0.000 
 181  0.000 
 182  0.000 
 183  0.000 
 184  0.000 
 185  0.000 
 186  0.000 
 187  0.000 
 188  0.000 
 189  0.000 
 190  0.000 
 191  0.000 
 192  0.000 
 193  0.000 
 194  0.000 
 195  0.000 
 196  0.000 
 197  0.000 
 198  0.000 
 199  0.000 
