  0  0.00000 
  1  3.33840 
  2  3.30388 
  3  3.33863 
  4  3.30471 
  5  3.33751 
  6  3.30526 
  7  3.33833 
  8  3.30305 
  9  3.34095 
 10  3.30112 
 11  3.34158 
 12  3.30208 
 13  3.33938 
 14  3.30428 
 15  3.33836 
 16  3.30386 
 17  3.33983 
 18  3.30210 
 19  3.34066 
 20  3.30327 
 21  3.33756 
 22  3.30727 
 23  3.33376 
 24  3.31001 
 25  3.33260 
 26  3.30990 
 27  3.33274 
 28  3.31096 
 29  3.33010 
 30  3.31495 
 31  3.32519 
 32  3.31998 
 33  3.32103 
 34  3.32289 
 35  3.31907 
 36  3.32422 
 37  3.31823 
 38  3.32496 
 39  3.31689 
 40  3.32727 
 41  3.31384 
 42  3.33058 
 43  3.31086 
 44  3.33235 
 45  3.31119 
 46  3.32989 
 47  3.31480 
 48  3.32624 
 49  3.31788 
 50  3.32392 
 51  3.31935 
 52  3.32310 
 53  3.32009 
 54  3.32196 
 55  3.32168 
 56  3.31990 
 57  3.32454 
 58  3.31609 
 59  3.32862 
 60  3.31298 
 61  3.32989 
 62  3.31363 
 63  3.32767 
 64  3.31705 
 65  3.32350 
 66  3.32135 
 67  3.31965 
 68  3.32446 
 69  3.31746 
 70  3.32541 
 71  3.31788 
 72  3.32416 
 73  3.31900 
 74  3.32373 
 75  3.31898 
 76  3.32364 
 77  3.31928 
 78  3.32346 
 79  3.31931 
 80  3.32304 
 81  3.32075 
 82  3.32055 
 83  3.32370 
 84  3.31779 
 85  3.32597 
 86  3.31614 
 87  3.32673 
 88  3.31663 
 89  3.32477 
 90  3.31985 
 91  3.32079 
 92  3.32406 
 93  3.31688 
 94  3.32715 
 95  3.31506 
 96  3.32744 
 97  3.31635 
 98  3.32471 
 99  3.32021 
 100  3.32021 
 101  3.32471 
 102  3.31635 
 103  3.32744 
 104  3.31506 
 105  3.32715 
 106  3.31688 
 107  3.32406 
 108  3.32079 
 109  3.31985 
 110  3.32477 
 111  3.31663 
 112  3.32673 
 113  3.31614 
 114  3.32597 
 115  3.31779 
 116  3.32370 
 117  3.32055 
 118  3.32075 
 119  3.32304 
 120  3.31931 
 121  3.32346 
 122  3.31928 
 123  3.32364 
 124  3.31898 
 125  3.32373 
 126  3.31900 
 127  3.32416 
 128  3.31788 
 129  3.32541 
 130  3.31746 
 131  3.32446 
 132  3.31965 
 133  3.32135 
 134  3.32350 
 135  3.31705 
 136  3.32767 
 137  3.31363 
 138  3.32989 
 139  3.31298 
 140  3.32862 
 141  3.31609 
 142  3.32454 
 143  3.31990 
 144  3.32168 
 145  3.32196 
 146  3.32009 
 147  3.32310 
 148  3.31935 
 149  3.32392 
 150  3.31788 
 151  3.32624 
 152  3.31480 
 153  3.32989 
 154  3.31119 
 155  3.33235 
 156  3.31086 
 157  3.33058 
 158  3.31384 
 159  3.32727 
 160  3.31689 
 161  3.32496 
 162  3.31823 
 163  3.32422 
 164  3.31907 
 165  3.32289 
 166  3.32103 
 167  3.31998 
 168  3.32519 
 169  3.31495 
 170  3.33010 
 171  3.31096 
 172  3.33274 
 173  3.30990 
 174  3.33260 
 175  3.31001 
 176  3.33376 
 177  3.30727 
 178  3.33756 
 179  3.30327 
 180  3.34066 
 181  3.30210 
 182  3.33983 
 183  3.30386 
 184  3.33836 
 185  3.30428 
 186  3.33938 
 187  3.30208 
 188  3.34158 
 189  3.30112 
 190  3.34095 
 191  3.30305 
 192  3.33833 
 193  3.30526 
 194  3.33751 
 195  3.30471 
 196  3.33863 
 197  3.30388 
 198  3.33840 
 199  3.33815 
