  0  1.928 
  1 -1.940 
  2  1.934 
  3 -1.873 
  4  1.760 
  5 -1.617 
  6  1.479 
  7 -1.384 
  8  1.348 
  9 -1.346 
 10  1.340 
 11 -1.299 
 12  1.206 
 13 -1.063 
 14  0.906 
 15 -0.775 
 16  0.689 
 17 -0.642 
 18  0.618 
 19 -0.589 
 20  0.524 
 21 -0.414 
 22  0.277 
 23 -0.135 
 24  0.002 
 25  0.104 
 26 -0.171 
 27  0.208 
 28 -0.235 
 29  0.263 
 30 -0.300 
 31  0.363 
 32 -0.456 
 33  0.562 
 34 -0.652 
 35  0.706 
 36 -0.709 
 37  0.657 
 38 -0.565 
 39  0.472 
 40 -0.411 
 41  0.386 
 42 -0.383 
 43  0.385 
 44 -0.373 
 45  0.326 
 46 -0.238 
 47  0.121 
 48  0.007 
 49 -0.141 
 50  0.273 
 51 -0.378 
 52  0.433 
 53 -0.432 
 54  0.392 
 55 -0.335 
 56  0.279 
 57 -0.241 
 58  0.232 
 59 -0.239 
 60  0.241 
 61 -0.222 
 62  0.185 
 63 -0.132 
 64  0.055 
 65  0.057 
 66 -0.193 
 67  0.321 
 68 -0.413 
 69  0.455 
 70 -0.445 
 71  0.388 
 72 -0.289 
 73  0.165 
 74 -0.034 
 75 -0.093 
 76  0.201 
 77 -0.275 
 78  0.298 
 79 -0.274 
 80  0.223 
 81 -0.168 
 82  0.112 
 83 -0.049 
 84 -0.016 
 85  0.065 
 86 -0.081 
 87  0.072 
 88 -0.061 
 89  0.060 
 90 -0.062 
 91  0.052 
 92 -0.034 
 93  0.025 
 94 -0.031 
 95  0.044 
 96 -0.044 
 97  0.027 
 98 -0.008 
 99  0.000 
 100  0.000 
 101 -0.008 
 102  0.027 
 103 -0.044 
 104  0.044 
 105 -0.031 
 106  0.025 
 107 -0.034 
 108  0.052 
 109 -0.062 
 110  0.060 
 111 -0.061 
 112  0.072 
 113 -0.081 
 114  0.065 
 115 -0.016 
 116 -0.049 
 117  0.112 
 118 -0.168 
 119  0.223 
 120 -0.274 
 121  0.298 
 122 -0.275 
 123  0.201 
 124 -0.093 
 125 -0.034 
 126  0.165 
 127 -0.289 
 128  0.388 
 129 -0.445 
 130  0.455 
 131 -0.413 
 132  0.321 
 133 -0.193 
 134  0.057 
 135  0.055 
 136 -0.132 
 137  0.185 
 138 -0.222 
 139  0.241 
 140 -0.239 
 141  0.232 
 142 -0.241 
 143  0.279 
 144 -0.335 
 145  0.392 
 146 -0.432 
 147  0.433 
 148 -0.378 
 149  0.273 
 150 -0.141 
 151  0.007 
 152  0.121 
 153 -0.238 
 154  0.326 
 155 -0.373 
 156  0.385 
 157 -0.383 
 158  0.386 
 159 -0.411 
 160  0.472 
 161 -0.565 
 162  0.657 
 163 -0.709 
 164  0.706 
 165 -0.652 
 166  0.562 
 167 -0.456 
 168  0.363 
 169 -0.300 
 170  0.263 
 171 -0.235 
 172  0.208 
 173 -0.171 
 174  0.104 
 175  0.002 
 176 -0.135 
 177  0.277 
 178 -0.414 
 179  0.524 
 180 -0.589 
 181  0.618 
 182 -0.642 
 183  0.689 
 184 -0.775 
 185  0.906 
 186 -1.063 
 187  1.206 
 188 -1.299 
 189  1.340 
 190 -1.346 
 191  1.348 
 192 -1.384 
 193  1.479 
 194 -1.617 
 195  1.760 
 196 -1.873 
 197  1.934 
 198 -1.940 
 199  1.928 
